5.39433962264151
5.393023255813953
5.3625
5.430819672131148
5.483416666666667
5.413861386138614
5.402
5.4
5.385567010309277
5.423809523809525
5.294656488549619
5.369383003492434
5.31156462585034
5.304273504273504
5.327956989247313
5.408163265306122
5.3851562500000005
5.333766233766235
5.313483146067416
5.354166666666668
5.308045977011495

48.19685534591195
55.365116279069774
49.333333333333336
51.099999999999994
41.599999999999994
86.41485148514852
111.67199999999998
89.4964705882353
60.20515463917526
84.16349206349206
36.635114503816794
34.681839348079166
63.31020408163264
56.53786324786325
60.127849462365596
53.2915306122449
49.290234375
44.73298701298702
47.8643820224719
47.59916666666666
72.81298850574713

