6.615555555555554
6.622023809523809
6.403378378378378
6.5445161290322575
6.428301886792452
6.524915254237289
6.62421052631579
6.446818181818181
6.491265822784812
6.387619047619048
6.236883116883117
6.26987012987013
6.139784172661869
6.263760000000001
6.299142857142858
6.280202020202021
6.320875
6.384845360824743
6.334719999999999
6.168688524590164
6.196066666666667
6.004232209737828
5.919326599326599
5.993460207612459
5.966283783783785
5.868450184501845
5.99173611111111
5.975896226415095
5.929467680608363
6.010954356846472
5.998547717842321
5.961162790697674
5.962266666666667
6.062508250825082
5.9555299539170505
6.011394230769231
6.064095744680852
6.1818
6.287658227848102
6.2447058823529416
6.19017094017094
6.206241134751773
6.175323741007195
6.1482857142857155
6.128521126760562
6.0965610859728505
6.016280000000001
5.99734756097561
6.038271604938273
5.944390243902438
6.049954128440367
5.931567796610168
6.060798816568048
5.8984457478005865
5.842920353982301
6.066996336996336
5.994087301587301
6.012626728110599
6.0017868338558
5.817484143763214
5.8014925373134325
5.690755555555555
5.702578616352202
5.752658227848101
5.753822393822394
5.723854166666666
5.749410774410776
5.731048387096775
5.350383502170767
5.327817518248175
5.343053691275167
5.330929152148665
5.308270458502612
5.331904462602138
5.322146341463414
5.318058608058607
5.331864268192967
5.309669876203575
5.327634160415463
5.350386029411765
5.343656588705077
5.342903981264637
5.395584756898816
5.373817589576546
5.37168986083499
5.3687682428488035
5.350277419354838
5.387056277056276
5.374448818897638
5.379432926829269
5.464116438356164
5.44951367781155
5.435099502487562
5.444980806142035
5.452062122519412
5.434594222833562
5.4072299382716045
5.414251781472683
5.425873493975903
5.408210980876003
5.359620323841431
5.330227524972253
5.3345184518451845
5.338097967691507
5.3174461692538815
5.313107813182015
5.330057230064859
5.334583843329255
5.353681140635126
5.3586802639472095
5.370157894736842
5.350350453172204
5.321367637102233
5.336714042069357
5.33236559139785
5.344031791907514

